x = 2;
y = 2;

b = 34;

f = b + 10;
